[ex.jpg]
filters=radblur=1,0.412067,0.522158,-1.000000,1.000000;ansel=1,ffffffff;
moddate=15db9e1be359d701
width=1600
height=1067
textactive=0
